[Equation]
y
0 - g - (b / m) * y1
1
2
1
1.000000,1.000000,1.000000
4.000000,4.000000,0.000000,0.000000,0.000000,0.000000,0.000000,0.000000,0.000000,0.000000
-10.000000,10.000000,0.100000,-10.000000,10.000000,0.100000,-10.000000,10.000000,0.100000,-10.000000,10.000000,0.100000,-10.000000,10.000000,0.100000,-10.000000,10.000000,0.100000,-10.000000,10.000000,0.100000,-10.000000,10.000000,0.100000,-10.000000,10.000000,0.100000,-10.000000,10.000000,0.100000


[Variable]
m
1.500000
-10.000000,10.000000,0.100000
[Variable]
g
9.805000
-10.000000,10.000000,0.001000
[Variable]
b
0.300000
-10.000000,10.000000,0.100000