[Equation]
y
(g / L) * sin(y) - b * y'
1
2
1
1.000000,1.000000,1.000000
0.000000,0.400001,0.000000,0.000000,0.000000,0.000000,0.000000,0.000000,0.000000,0.000000
-3.100000,3.100000,0.100000,-10.000000,10.000000,0.100000,-10.000000,10.000000,0.100000,-10.000000,10.000000,0.100000,-10.000000,10.000000,0.100000,-10.000000,10.000000,0.100000,-10.000000,10.000000,0.100000,-10.000000,10.000000,0.100000,-10.000000,10.000000,0.100000,-10.000000,10.000000,0.100000


[Equation]
f
3 * e^(-0.2 * t) * (sin((g / L)^0.5 * t))
3
0
1
1.000000,1.000000,1.000000
0.000000,0.000000,0.000000,0.000000,0.000000,0.000000,0.000000,0.000000,0.000000,0.000000
-10.000000,10.000000,0.100000,-10.000000,10.000000,0.100000,-10.000000,10.000000,0.100000,-10.000000,10.000000,0.100000,-10.000000,10.000000,0.100000,-10.000000,10.000000,0.100000,-10.000000,10.000000,0.100000,-10.000000,10.000000,0.100000,-10.000000,10.000000,0.100000,-10.000000,10.000000,0.100000


[Variable]
kA
3.000000
-10.000000,10.000000,0.100000
[Variable]
g
9.809999
-10.000000,10.000000,0.010000
[Variable]
L
1.000000
-10.000000,10.000000,0.100000
[Variable]
b
0.200000
-10.000000,10.000000,0.100000