[Equation]
v
g - a * v^2
0
1
1
1.000000,1.000000,1.000000
0.000000,0.000000,0.000000,0.000000,0.000000,0.000000,0.000000,0.000000,0.000000,0.000000
-10.000000,10.000000,0.100000,-10.000000,10.000000,0.100000,-10.000000,10.000000,0.100000,-10.000000,10.000000,0.100000,-10.000000,10.000000,0.100000,-10.000000,10.000000,0.100000,-10.000000,10.000000,0.100000,-10.000000,10.000000,0.100000,-10.000000,10.000000,0.100000,-10.000000,10.000000,0.100000


[Equation]
u
g - a * u
0
1
1
1.000000,1.000000,1.000000
0.000000,0.000000,0.000000,0.000000,0.000000,0.000000,0.000000,0.000000,0.000000,0.000000
-10.000000,10.000000,0.100000,-10.000000,10.000000,0.100000,-10.000000,10.000000,0.100000,-10.000000,10.000000,0.100000,-10.000000,10.000000,0.100000,-10.000000,10.000000,0.100000,-10.000000,10.000000,0.100000,-10.000000,10.000000,0.100000,-10.000000,10.000000,0.100000,-10.000000,10.000000,0.100000


[Variable]
kA
3.000000
-10.000000,10.000000,0.100000
[Variable]
g
9.809999
-10.000000,10.000000,0.000010
[Variable]
a
5.500000
-10.000000,10.000000,0.100000