[Equation]
x
-10 * x + y(asinh(t))
0
1
1
1.000000,1.000000,1.000000
1.000000,0.000000,0.000000,0.000000,0.000000,0.000000,0.000000,0.000000,0.000000,0.000000
-10.000000,10.000000,0.100000,-10.000000,10.000000,0.100000,-10.000000,10.000000,0.100000,-10.000000,10.000000,0.100000,-10.000000,10.000000,0.100000,-10.000000,10.000000,0.100000,-10.000000,10.000000,0.100000,-10.000000,10.000000,0.100000,-10.000000,10.000000,0.100000,-10.000000,10.000000,0.100000


[Equation]
y
t
3
0
0
0.598039,1.000000,0.609861
0.000000,0.000000,0.000000,0.000000,0.000000,0.000000,0.000000,0.000000,0.000000,0.000000
-10.000000,10.000000,0.100000,-10.000000,10.000000,0.100000,-10.000000,10.000000,0.100000,-10.000000,10.000000,0.100000,-10.000000,10.000000,0.100000,-10.000000,10.000000,0.100000,-10.000000,10.000000,0.100000,-10.000000,10.000000,0.100000,-10.000000,10.000000,0.100000,-10.000000,10.000000,0.100000


[Equation]
g
asinh(t)
3
0
1
1.000000,1.000000,1.000000
0.000000,0.000000,0.000000,0.000000,0.000000,0.000000,0.000000,0.000000,0.000000,0.000000
-10.000000,10.000000,0.100000,-10.000000,10.000000,0.100000,-10.000000,10.000000,0.100000,-10.000000,10.000000,0.100000,-10.000000,10.000000,0.100000,-10.000000,10.000000,0.100000,-10.000000,10.000000,0.100000,-10.000000,10.000000,0.100000,-10.000000,10.000000,0.100000,-10.000000,10.000000,0.100000


[Variable]
kA
10.000000
-10.000000,10.000000,0.100000