[Equation]
x
y
1
2
1
1.000000,1.000000,1.000000
2.000000,0.000000,0.000000,0.000000,0.000000,0.000000,0.000000,0.000000,0.000000,0.000000
-10.000000,10.000000,0.100000,-10.000000,10.000000,0.100000,-10.000000,10.000000,0.100000,-10.000000,10.000000,0.100000,-10.000000,10.000000,0.100000,-10.000000,10.000000,0.100000,-10.000000,10.000000,0.100000,-10.000000,10.000000,0.100000,-10.000000,10.000000,0.100000,-10.000000,10.000000,0.100000


[Equation]
y
g
1
2
1
1.000000,1.000000,1.000000
2.000000,0.000000,0.000000,0.000000,0.000000,0.000000,0.000000,0.000000,0.000000,0.000000
-10.000000,10.000000,0.100000,-10.000000,10.000000,0.100000,-10.000000,10.000000,0.100000,-10.000000,10.000000,0.100000,-10.000000,10.000000,0.100000,-10.000000,10.000000,0.100000,-10.000000,10.000000,0.100000,-10.000000,10.000000,0.100000,-10.000000,10.000000,0.100000,-10.000000,10.000000,0.100000


[Equation]
g
h
1
2
1
1.000000,1.000000,1.000000
2.000000,0.000000,0.000000,0.000000,0.000000,0.000000,0.000000,0.000000,0.000000,0.000000
-10.000000,10.000000,0.100000,-10.000000,10.000000,0.100000,-10.000000,10.000000,0.100000,-10.000000,10.000000,0.100000,-10.000000,10.000000,0.100000,-10.000000,10.000000,0.100000,-10.000000,10.000000,0.100000,-10.000000,10.000000,0.100000,-10.000000,10.000000,0.100000,-10.000000,10.000000,0.100000


[Equation]
h
x
1
2
1
1.000000,1.000000,1.000000
2.000000,0.000000,0.000000,0.000000,0.000000,0.000000,0.000000,0.000000,0.000000,0.000000
-10.000000,10.000000,0.100000,-10.000000,10.000000,0.100000,-10.000000,10.000000,0.100000,-10.000000,10.000000,0.100000,-10.000000,10.000000,0.100000,-10.000000,10.000000,0.100000,-10.000000,10.000000,0.100000,-10.000000,10.000000,0.100000,-10.000000,10.000000,0.100000,-10.000000,10.000000,0.100000


[Variable]
kA
1.900001
-10.000000,10.000000,0.100000